Some((
    red: 0.17254902,
    green: 0.20392157,
    blue: 0.26666668,
))