Some((
    red: 0.23921569,
    green: 0.04705882,
    blue: 0.066666655,
))