Some((
    red: 0.80784315,
    green: 0.84705883,
    blue: 0.91764706,
    alpha: 1.0,
))